0,1,2,3,4,5,6,7,8,9,10,11,12,13,14,15,16,17,18,19,20,21,22,23,24,25,26,27,28,29,30,31,32,33,34,35,36,37,38,39,40,41,42,43,44,45,46,47,48,49,50,51,52,53,54,55,56,57,58,59,60,61,62,63,64,65,66,67,68,69,70,71,72,73,74,75,76,77,78,79,80,81,82,83,84,85,86,87,88,89,90,91,92,93,94,95,96,97,98,99,100,101,102,103,104,105,106,107,108,109,110,111,112,113,114,115,116,117,118,119,120,121
-1.261703682262715,0.6703088539213854,0.00929129888869002,0.4902973908773226,0.8495328218605648,-0.9193053279992092,-0.40547078564202815,0.34366674528633223,1.2079065169299248,-0.08229352101188231,0.006228818627754477,-0.09782789363907772,-0.14522071036901976,0.05873484515892485,0.14297428252080827,-0.1346588713817097,-0.6938876731521225,0.2553460029905341,0.2848637138074701,-0.14061247932416782,-0.4367262905454081,0.6360190687305485,-0.1275908421036864,0.17455553655962286,0.015243869579269502,0.3459450598406251,-0.714495028437663,0.12537661648859671,-1.0750770483673404,-0.26283054219804003,0.14586725859905852,-1.461607890408866,0.2057447525846589,-0.2341903007754349,-0.028492005841522318,0.012576253807091188,0.005197059855865095,1.0,0.0,0.0,0.0,0.0,0.0,0.0,0.0,0.0,0.0,0.0,0.0,0.0,0.0,0.0,0.0,0.0,0.0,0.0,0.0,0.0,0.0,0.0,0.0,1.0,0.0,0.0,0.0,0.0,0.0,0.0,0.0,0.0,0.0,0.0,0.0,0.0,0.0,0.0,0.0,0.0,0.0,0.0,0.0,0.0,0.0,0.0,0.0,0.0,0.0,0.0,0.0,0.0,0.0,0.0,0.0,0.0,0.0,0.0,0.0,0.0,0.0,0.0,0.0,0.0,0.0,0.0,0.0,0.0,0.0,0.0,0.0,0.0,0.0,0.0,0.0,0.0,1.0,0.0,0.0,0.0,0.0,0.0,0.0,7.0
1.3628180753703898,-0.4499796011891397,-0.12949186924405645,-0.2136387812697135,0.6471505362530309,-0.7724467247826653,0.4917438057266779,-0.8600579401760438,0.8415421911825698,-0.10185489111748457,-0.3912352187423627,0.005918110950162747,-0.024369110938441005,0.03172208306086907,0.0006414964253297449,-0.13494412780747847,-0.34673214134158137,0.2216854568419465,-0.21798239684313814,-0.020656216848961267,-0.6070983490815335,0.4648770000760094,-0.2424248798187873,2.2410825160512746,-0.36682077691669385,-0.6429695439067257,-0.5061778032955139,-0.12723017290258426,0.8561613714312845,0.9997569224992684,-0.2847958033839278,1.4116940207679995,1.8204610759664581,-0.4083086920740697,0.2342459215274317,0.13549475688940446,-0.002005278593903648,1.0,0.0,0.0,0.0,0.0,0.0,0.0,0.0,0.0,0.0,0.0,0.0,0.0,0.0,0.0,0.0,0.0,0.0,0.0,0.0,0.0,0.0,0.0,0.0,1.0,0.0,0.0,0.0,0.0,0.0,0.0,0.0,0.0,0.0,0.0,0.0,0.0,0.0,0.0,0.0,0.0,0.0,0.0,0.0,0.0,0.0,0.0,0.0,0.0,0.0,0.0,0.0,0.0,0.0,0.0,0.0,0.0,0.0,0.0,0.0,0.0,0.0,0.0,0.0,0.0,0.0,0.0,0.0,0.0,0.0,0.0,0.0,0.0,0.0,0.0,0.0,0.0,0.0,1.0,0.0,0.0,0.0,0.0,0.0,7.0
-0.6070430592712068,2.189651536301517,-0.1974484326369104,0.13218079443910938,1.3107699632396248,-0.6640735959912271,0.5619754364568081,-0.9468171785620922,0.6619180406079568,-0.10466687643748104,-0.4379163350153633,0.05176920869709699,-0.048309410441690216,0.04968627356709938,0.026970857099038816,-0.10065352557383613,-0.17810926035512128,0.2023342760566404,-0.05500612689100557,0.002466362701815528,0.15539329971720225,0.6884013646259562,-0.4215504733251558,1.3165162719219006,-0.2424574012743709,-0.6286488556742631,-0.1238629617549496,-0.01551749866044348,-0.4979981230411804,0.1792294212029691,-0.08968440408831366,-0.5015366407344443,0.09019304336116643,-0.1072613033147026,-0.027582543787109674,0.0020955671240247865,0.004581042151019102,1.0,0.0,0.0,0.0,0.0,0.0,0.0,0.0,0.0,0.0,0.0,0.0,0.0,0.0,0.0,0.0,0.0,0.0,0.0,0.0,0.0,0.0,0.0,0.0,1.0,0.0,0.0,0.0,0.0,0.0,0.0,0.0,0.0,0.0,0.0,0.0,0.0,0.0,0.0,0.0,0.0,0.0,0.0,0.0,0.0,0.0,0.0,0.0,0.0,0.0,0.0,0.0,0.0,0.0,0.0,0.0,0.0,0.0,0.0,0.0,0.0,0.0,0.0,0.0,0.0,0.0,0.0,0.0,0.0,0.0,0.0,0.0,0.0,0.0,0.0,0.0,0.0,0.0,1.0,0.0,0.0,0.0,0.0,0.0,7.0
-1.324544850312767,1.0524577921664466,-0.0925429844209356,0.4946887709285,1.2120551991251256,-1.0100241280350055,0.03608708945205232,-0.18299587728805944,0.7967833750666259,-0.11262375920541973,-0.06091437573473989,-0.04621350840249276,-0.12274246364699976,0.05906235774094625,0.13235752544822973,-0.05970436312431561,-0.3522630115389753,0.21505500103705685,0.07213533584377631,-0.07150932045637977,-0.2949289271750917,0.4741808901873412,-0.0850538304311137,0.5913781679721046,-0.06100514187680125,0.3836427020784774,-0.9472446481043366,0.12510078412088255,-1.166457144556918,-0.28300546737673193,0.17586337777030767,-1.5766571937762206,0.2047510209953964,-0.2461655475835967,-0.03087305963858977,0.01332250536669806,0.006004955608419386,1.0,0.0,0.0,0.0,0.0,0.0,0.0,0.0,0.0,0.0,0.0,0.0,0.0,0.0,0.0,0.0,0.0,0.0,0.0,0.0,0.0,0.0,0.0,0.0,1.0,0.0,0.0,0.0,0.0,0.0,0.0,0.0,0.0,0.0,0.0,0.0,0.0,0.0,0.0,0.0,0.0,0.0,0.0,0.0,0.0,0.0,0.0,0.0,0.0,0.0,0.0,0.0,0.0,0.0,0.0,0.0,0.0,0.0,0.0,0.0,0.0,0.0,0.0,0.0,0.0,0.0,0.0,0.0,0.0,0.0,0.0,0.0,0.0,0.0,0.0,0.0,0.0,1.0,0.0,0.0,0.0,0.0,0.0,0.0,7.0
-1.1164328867966944,1.7473695855694138,-0.11821016037077227,0.4715576398373388,1.474572969621348,-0.8917607345238577,0.22512109677403186,-0.5649123515537421,0.9093149614661996,-0.13811099577174296,-0.12188594818932325,-0.006210997494599453,-0.09967256982024757,0.06298273349786965,0.1217861892426491,-0.09275101443779103,-0.33614810743989804,0.2394843200539049,0.05916253667615175,-0.07797589247331277,-0.5162673218653775,0.3186043640783039,0.0353955222628851,0.7040147631055328,-0.07602523956646108,0.4845500509395944,-1.112126506430361,0.09498290091771598,-0.5041635137433967,0.0275886529765121,0.08397338492129003,-0.8293745251499333,0.15463364509055133,-0.15327235486452515,-0.022698376743672408,0.009865389078833293,0.00555311769940961,1.0,0.0,0.0,0.0,0.0,0.0,0.0,0.0,0.0,0.0,0.0,0.0,0.0,0.0,0.0,0.0,0.0,0.0,0.0,0.0,0.0,0.0,0.0,0.0,1.0,0.0,0.0,0.0,0.0,0.0,0.0,0.0,0.0,0.0,0.0,0.0,0.0,0.0,0.0,0.0,0.0,0.0,0.0,0.0,0.0,0.0,0.0,0.0,0.0,0.0,0.0,0.0,0.0,0.0,0.0,0.0,0.0,0.0,0.0,0.0,0.0,0.0,0.0,0.0,0.0,0.0,0.0,0.0,0.0,0.0,0.0,0.0,0.0,0.0,0.0,0.0,0.0,1.0,0.0,0.0,0.0,0.0,0.0,0.0,7.0
-1.2555317201001648,1.3417987949614618,-0.11186919922744903,0.4711891637655661,1.4272820430284354,-0.7968300679471394,0.131370708677533,-0.3929850595744231,0.8239885199071404,-0.12750849152915922,-0.05641461424353642,-0.01950602206541798,-0.10241592533133652,0.05636287378410556,0.1294383872586832,-0.09037948546958552,-0.3374842305601221,0.22036140010968985,0.08172771720412902,-0.07983075670922495,-0.4324265204600749,0.3866447287691517,-0.007737069233205641,0.5808046919644065,-0.05849091426046956,0.42927335902168295,-1.0371227136573915,0.11896439750372413,-0.9284818616370688,-0.18813667363904985,0.14372253142521574,-1.3398867684308335,0.16936947039855374,-0.21160176499201247,-0.031634052656682524,0.011298466969376152,0.005878168230941972,1.0,0.0,0.0,0.0,0.0,0.0,0.0,0.0,0.0,0.0,0.0,0.0,0.0,0.0,0.0,0.0,0.0,0.0,0.0,0.0,0.0,0.0,0.0,0.0,1.0,0.0,0.0,0.0,0.0,0.0,0.0,0.0,0.0,0.0,0.0,0.0,0.0,0.0,0.0,0.0,0.0,0.0,0.0,0.0,0.0,0.0,0.0,0.0,0.0,0.0,0.0,0.0,0.0,0.0,0.0,0.0,0.0,0.0,0.0,0.0,0.0,0.0,0.0,0.0,0.0,0.0,0.0,0.0,0.0,0.0,0.0,0.0,0.0,0.0,0.0,0.0,0.0,1.0,0.0,0.0,0.0,0.0,0.0,0.0,7.0
-1.2291622288436015,1.3051446131284945,-0.1148789614990049,0.4474464753185174,1.5151250955622748,-0.6558849796564525,0.1418011916477992,-0.4545953910101586,0.8712801006070175,-0.1323867573099524,-0.030949644998585737,-0.01771171321572971,-0.1022753338419554,0.05715819103985165,0.12900632876346907,-0.09952979946994417,-0.34754686342752866,0.2217477834351944,0.1046152740730482,-0.09308773941701216,-0.5320728874188602,0.3663345867468323,-0.008964413994857288,0.5423246066213125,-0.04990692892687319,0.4487427313144213,-1.054097017704403,0.11611723887910735,-0.8467080918242481,-0.15225892747881878,0.1400971872930351,-1.2472283850044763,0.1884369177369072,-0.2073893241194716,-0.02640116226911617,0.012999775584803485,0.00571582394325359,1.0,0.0,0.0,0.0,0.0,0.0,0.0,0.0,0.0,0.0,0.0,0.0,0.0,0.0,0.0,0.0,0.0,0.0,0.0,0.0,0.0,0.0,0.0,0.0,1.0,0.0,0.0,0.0,0.0,0.0,0.0,0.0,0.0,0.0,0.0,0.0,0.0,0.0,0.0,0.0,0.0,0.0,0.0,0.0,0.0,0.0,0.0,0.0,0.0,0.0,0.0,0.0,0.0,0.0,0.0,0.0,0.0,0.0,0.0,0.0,0.0,0.0,0.0,0.0,0.0,0.0,0.0,0.0,0.0,0.0,0.0,0.0,0.0,0.0,0.0,0.0,0.0,1.0,0.0,0.0,0.0,0.0,0.0,0.0,7.0
1.0317180627271283,-0.34030627617974585,-0.12062224836071055,-0.14228258249773587,0.5527444020880468,-0.8495850952144538,0.3957836780114088,-0.6509222383774845,0.7459246421595875,-0.08665327693176605,-0.3979128019006672,-0.003059703015447325,-0.03241513119948014,0.029092479851259605,0.009799760940088895,-0.11960642546252838,-0.3439608373191109,0.21168891876538487,-0.19959949569393606,-0.0073162369349236735,-0.3450645881057495,0.5521043562325594,-0.28039866746475794,2.020322278598846,-0.3424405962207283,-0.692519447935828,-0.35211748683553684,-0.10823807869903676,0.5048544839264612,0.8016494106553301,-0.2185248159389508,1.092499066217481,2.0699465270680246,-0.4983122850405949,0.25912766959466643,0.15502896847241093,-0.0027639124933185872,1.0,0.0,0.0,0.0,0.0,0.0,0.0,0.0,0.0,0.0,0.0,0.0,0.0,0.0,0.0,0.0,0.0,0.0,0.0,0.0,0.0,0.0,0.0,0.0,1.0,0.0,0.0,0.0,0.0,0.0,0.0,0.0,0.0,0.0,0.0,0.0,0.0,0.0,0.0,0.0,0.0,0.0,0.0,0.0,0.0,0.0,0.0,0.0,0.0,0.0,0.0,0.0,0.0,0.0,0.0,0.0,0.0,0.0,0.0,0.0,0.0,0.0,0.0,0.0,0.0,0.0,0.0,0.0,0.0,0.0,0.0,0.0,0.0,0.0,0.0,0.0,0.0,0.0,1.0,0.0,0.0,0.0,0.0,0.0,7.0
-1.2689627598221551,1.804770250145964,-0.1020341140929953,0.5204058923557126,1.3224931490173883,-1.1722101026241565,0.16781014302790864,-0.4379621909405188,0.9452221862867922,-0.12900971039480086,-0.17255414943888042,-0.013453615891878695,-0.10053535592538317,0.06160338699829821,0.12425412635628767,-0.09680270653557586,-0.3848632262765624,0.2513471013758085,0.07332791257162205,-0.07763338694373552,-0.3993503804332574,0.4211695884586404,-0.08005311894207227,0.7222339533537191,-0.07642271356180777,0.4812160657708037,-1.0103171665398865,0.09080382413896328,-0.5917156888579409,-0.0023252760357000586,0.0866556801336953,-0.9243058961738728,0.10556515297058452,-0.1508123802427926,-0.03131349081774148,0.0057450137862889,0.00579408226523428,1.0,0.0,0.0,0.0,0.0,0.0,0.0,0.0,0.0,0.0,0.0,0.0,0.0,0.0,0.0,0.0,0.0,0.0,0.0,0.0,0.0,0.0,0.0,0.0,1.0,0.0,0.0,0.0,0.0,0.0,0.0,0.0,0.0,0.0,0.0,0.0,0.0,0.0,0.0,0.0,0.0,0.0,0.0,0.0,0.0,0.0,0.0,0.0,0.0,0.0,0.0,0.0,0.0,0.0,0.0,0.0,0.0,0.0,0.0,0.0,0.0,0.0,0.0,0.0,0.0,0.0,0.0,0.0,0.0,0.0,0.0,0.0,0.0,0.0,0.0,0.0,0.0,1.0,0.0,0.0,0.0,0.0,0.0,0.0,7.0
-1.1979621151635873,1.6915293777528702,-0.01580483163324146,0.5162478066810178,1.0309089446792918,-1.2056405030556252,-0.17018472972057164,-0.0674752545540974,1.3702180325083662,-0.11077694831081457,-0.12561179434596506,-0.04706296283136211,-0.10048258729334396,0.055790392813911405,0.13176245571176826,-0.1974605076457669,-0.7268330628174708,0.3016018356846414,0.2658965472476276,-0.14956590689494473,-0.617145435266629,0.5662376446579587,-0.187959940177104,0.5062812654450711,-0.02457104857773513,0.4302194686651229,-0.9235210291526124,0.10218113578937524,-0.7563033490074378,-0.07866749998659092,0.10085139541002956,-1.1196681585820172,0.06937373447652173,-0.16446917453057786,-0.038986863236021234,0.0021556313570671643,0.005834464734717566,1.0,0.0,0.0,0.0,0.0,0.0,0.0,0.0,0.0,0.0,0.0,0.0,0.0,0.0,0.0,0.0,0.0,0.0,0.0,0.0,0.0,0.0,0.0,0.0,1.0,0.0,0.0,0.0,0.0,0.0,0.0,0.0,0.0,0.0,0.0,0.0,0.0,0.0,0.0,0.0,0.0,0.0,0.0,0.0,0.0,0.0,0.0,0.0,0.0,0.0,0.0,0.0,0.0,0.0,0.0,0.0,0.0,0.0,0.0,0.0,0.0,0.0,0.0,0.0,0.0,0.0,0.0,0.0,0.0,0.0,0.0,0.0,0.0,0.0,0.0,0.0,0.0,1.0,0.0,0.0,0.0,0.0,0.0,0.0,7.0
-1.165266420801089,2.084768903125484,-0.02435077462873074,0.5253442623154243,1.100256263640029,-1.2677331858082337,-0.09160242876737083,-0.20987335143401767,1.4271250239094075,-0.12001279497870032,-0.17495611993302865,-0.033315528117197665,-0.0952994332292424,0.059768752870730614,0.12739431353072014,-0.203621683630943,-0.7224491251512674,0.31600910646760305,0.2539820531989389,-0.14866457590635987,-0.669689363696664,0.5218761378471612,-0.16435738604954195,0.5816076992786128,-0.034841528167491496,0.4758604145640921,-0.9667695652094096,0.0864054957682066,-0.4752067247515255,0.06473833385502012,0.07589514144483811,-0.7652247577415571,0.016777354473549076,-0.1094593928139446,-0.03608864526886741,-0.0022335906496333134,0.005798121742473599,1.0,0.0,0.0,0.0,0.0,0.0,0.0,0.0,0.0,0.0,0.0,0.0,0.0,0.0,0.0,0.0,0.0,0.0,0.0,0.0,0.0,0.0,0.0,0.0,1.0,0.0,0.0,0.0,0.0,0.0,0.0,0.0,0.0,0.0,0.0,0.0,0.0,0.0,0.0,0.0,0.0,0.0,0.0,0.0,0.0,0.0,0.0,0.0,0.0,0.0,0.0,0.0,0.0,0.0,0.0,0.0,0.0,0.0,0.0,0.0,0.0,0.0,0.0,0.0,0.0,0.0,0.0,0.0,0.0,0.0,0.0,0.0,0.0,0.0,0.0,0.0,0.0,1.0,0.0,0.0,0.0,0.0,0.0,0.0,7.0
-1.1114582147976786,1.769045629309545,-0.11948494129809505,0.4699709881044304,1.4882359331959183,-0.8781423420260628,0.2297980730291189,-0.5774203968533665,0.9260654387641049,-0.1387723365913123,-0.11543667853920606,-0.016457531143602933,-0.11695576597833808,0.07074720041261155,0.1213826974401347,-0.06807269765309076,-0.3185299210968784,0.2375954933217141,0.057325748142491466,-0.07765642560131389,-0.5227687569660497,0.31136133846977576,0.04165893280698396,0.7044203643135509,-0.07617257350908682,0.4878868545147866,-1.118784864120956,0.09453303251747004,-0.487179514760197,0.03496464052469428,0.0822693113853852,-0.8110416672020354,0.15191389664413416,-0.15050177836302067,-0.02263550069949284,0.009692645610500351,0.005546828647668625,1.0,0.0,0.0,0.0,0.0,0.0,0.0,0.0,0.0,0.0,0.0,0.0,0.0,0.0,0.0,0.0,0.0,0.0,0.0,0.0,0.0,0.0,0.0,0.0,1.0,0.0,0.0,0.0,0.0,0.0,0.0,0.0,0.0,0.0,0.0,0.0,0.0,0.0,0.0,0.0,0.0,0.0,0.0,0.0,0.0,0.0,0.0,0.0,0.0,0.0,0.0,0.0,0.0,0.0,0.0,0.0,0.0,0.0,0.0,0.0,0.0,0.0,0.0,0.0,0.0,0.0,0.0,0.0,0.0,0.0,0.0,0.0,0.0,0.0,0.0,0.0,0.0,1.0,0.0,0.0,0.0,0.0,0.0,0.0,7.0
-1.1247615610216215,1.4471806676180807,-0.120725127710839,0.4443229158661733,1.5215667078263817,-0.6946734268042423,0.1922893899291019,-0.5246938013804432,0.8592882938589002,-0.1363785652709074,-0.05532781936429144,-0.011427826638130172,-0.10074262479861887,0.05949514318401679,0.12509109133270047,-0.09287045309184927,-0.32340812351903603,0.2239260059690996,0.07361170568955587,-0.08342769439667966,-0.5410973372353665,0.3168414620220639,0.04692777944677577,0.6188693765200164,-0.06362173530858528,0.4556299296347054,-1.1157257919003214,0.11083841942118776,-0.7187660650765204,-0.08544545388056597,0.11875784824037695,-1.0931004138950944,0.19442446851918527,-0.19254913681298969,-0.022977595493882792,0.013264844579361137,0.0056190732227330755,1.0,0.0,0.0,0.0,0.0,0.0,0.0,0.0,0.0,0.0,0.0,0.0,0.0,0.0,0.0,0.0,0.0,0.0,0.0,0.0,0.0,0.0,0.0,0.0,1.0,0.0,0.0,0.0,0.0,0.0,0.0,0.0,0.0,0.0,0.0,0.0,0.0,0.0,0.0,0.0,0.0,0.0,0.0,0.0,0.0,0.0,0.0,0.0,0.0,0.0,0.0,0.0,0.0,0.0,0.0,0.0,0.0,0.0,0.0,0.0,0.0,0.0,0.0,0.0,0.0,0.0,0.0,0.0,0.0,0.0,0.0,0.0,0.0,0.0,0.0,0.0,0.0,1.0,0.0,0.0,0.0,0.0,0.0,0.0,7.0
-1.2712939280768687,0.6626973288491373,-0.07940470042227042,0.4743830022299617,1.1310548630815818,-1.0095283798642327,-0.029369465066404383,-0.08138943541184343,0.8065257059541818,-0.10727829098342324,-0.04719649655003639,-0.04863281010164445,-0.10797960109561984,0.04886243861804553,0.13598321703324934,-0.08840854786274399,-0.4046875583164911,0.2174625535306032,0.08977312727824385,-0.08188030308625145,-0.33541831603088923,0.519687400518334,-0.11588083930959495,0.6088530827329692,-0.06007625281078464,0.3898084662890114,-0.8770394639633254,0.1116351561952468,-1.072583551448994,-0.23982736306631305,0.1589937157450788,-1.4503818866744342,0.34764362499889645,-0.2752577330970887,-0.009989193525704852,0.02490517601313937,0.005357813613288299,1.0,0.0,0.0,0.0,0.0,0.0,0.0,0.0,0.0,0.0,0.0,0.0,0.0,0.0,0.0,0.0,0.0,0.0,0.0,0.0,0.0,0.0,0.0,0.0,1.0,0.0,0.0,0.0,0.0,0.0,0.0,0.0,0.0,0.0,0.0,0.0,0.0,0.0,0.0,0.0,0.0,0.0,0.0,0.0,0.0,0.0,0.0,0.0,0.0,0.0,0.0,0.0,0.0,0.0,0.0,0.0,0.0,0.0,0.0,0.0,0.0,0.0,0.0,0.0,0.0,0.0,0.0,0.0,0.0,0.0,0.0,0.0,0.0,0.0,0.0,0.0,0.0,1.0,0.0,0.0,0.0,0.0,0.0,0.0,7.0
-1.3747656761618408,0.8662487519716907,-0.07033690348452731,0.4748641950206478,0.9114783345739632,-1.2049647345547043,-0.016026797787481874,-0.045857649721736386,0.7498131760308138,-0.09514724896358946,-0.08124029150585631,-0.05211237783388764,-0.13136072088398001,0.05767316125729281,0.11379576728333192,-0.04150947019370197,-0.3560975971289955,0.20356112179506802,-0.025746203565387427,-0.0480780960875005,-0.22369712722911564,0.3700125667746352,-0.15777342623565474,0.4548580398856902,-0.054878343570661424,0.25915817794994056,-0.8641285751010319,0.14065830511143915,-1.3225081893830042,-0.2762175810050795,0.2601663199998017,-1.770950030169453,0.2292011979115572,-0.2764807074340553,-0.03167212040208652,0.015325077366277568,0.006187810096607893,1.0,0.0,0.0,0.0,0.0,0.0,0.0,0.0,0.0,0.0,0.0,0.0,0.0,0.0,0.0,0.0,0.0,0.0,0.0,0.0,0.0,0.0,0.0,0.0,1.0,0.0,0.0,0.0,0.0,0.0,0.0,0.0,0.0,0.0,0.0,0.0,0.0,0.0,0.0,0.0,0.0,0.0,0.0,0.0,0.0,0.0,0.0,0.0,0.0,0.0,0.0,0.0,0.0,0.0,0.0,0.0,0.0,0.0,0.0,0.0,0.0,0.0,0.0,0.0,0.0,0.0,0.0,0.0,0.0,0.0,0.0,0.0,0.0,0.0,0.0,0.0,0.0,1.0,0.0,0.0,0.0,0.0,0.0,0.0,7.0
-1.0973802335713612,1.73782100473797,-0.13282942119460445,0.4386017664154687,1.649684180539985,-0.6066807941410753,0.2617253505714897,-0.6700830158792261,0.8953615448897957,-0.14597494516451764,-0.06584827057178655,0.0010034155456968036,-0.09839744086315867,0.06337698598014925,0.12177348322566998,-0.0968412900253713,-0.3054753039266013,0.22933662709079225,0.07420851602079588,-0.08612207650075399,-0.6129364152635103,0.2581409596588892,0.0906566157217237,0.6168779115027885,-0.06326006667563241,0.4888272907208313,-1.1722126745802222,0.10557998917679706,-0.5378662880296339,-0.0050464789149388045,0.09866410389476153,-0.8943798066636222,0.13315744159473925,-0.15322296453701295,-0.02639350933899557,0.008600600361157677,0.005645698852742378,1.0,0.0,0.0,0.0,0.0,0.0,0.0,0.0,0.0,0.0,0.0,0.0,0.0,0.0,0.0,0.0,0.0,0.0,0.0,0.0,0.0,0.0,0.0,0.0,1.0,0.0,0.0,0.0,0.0,0.0,0.0,0.0,0.0,0.0,0.0,0.0,0.0,0.0,0.0,0.0,0.0,0.0,0.0,0.0,0.0,0.0,0.0,0.0,0.0,0.0,0.0,0.0,0.0,0.0,0.0,0.0,0.0,0.0,0.0,0.0,0.0,0.0,0.0,0.0,0.0,0.0,0.0,0.0,0.0,0.0,0.0,0.0,0.0,0.0,0.0,0.0,0.0,1.0,0.0,0.0,0.0,0.0,0.0,0.0,7.0
-1.2749885212012435,1.2781734408442205,-0.10581582414280227,0.4794467339958464,1.3664354728357828,-0.8652777164515496,0.10400157879899057,-0.3348330437187415,0.8227942786853715,-0.12357143891186075,-0.06135879035481465,-0.02555880983319593,-0.10567873470544094,0.056307389817293614,0.13051269454857994,-0.08640836336096687,-0.3480265210044042,0.2207696708249515,0.0819465426800183,-0.07853055785213373,-0.3974262653039759,0.4145583092536401,-0.030670516969035763,0.5894986178440985,-0.05954676770262012,0.4196835125175533,-1.0100593262162032,0.1192977285095766,-0.9794078609821364,-0.20892594106796225,0.14783929537193716,-1.3943570245374908,0.17712134240333327,-0.2200072896484408,-0.03188033583467191,0.011811194915547048,0.00590174910405813,1.0,0.0,0.0,0.0,0.0,0.0,0.0,0.0,0.0,0.0,0.0,0.0,0.0,0.0,0.0,0.0,0.0,0.0,0.0,0.0,0.0,0.0,0.0,0.0,1.0,0.0,0.0,0.0,0.0,0.0,0.0,0.0,0.0,0.0,0.0,0.0,0.0,0.0,0.0,0.0,0.0,0.0,0.0,0.0,0.0,0.0,0.0,0.0,0.0,0.0,0.0,0.0,0.0,0.0,0.0,0.0,0.0,0.0,0.0,0.0,0.0,0.0,0.0,0.0,0.0,0.0,0.0,0.0,0.0,0.0,0.0,0.0,0.0,0.0,0.0,0.0,0.0,1.0,0.0,0.0,0.0,0.0,0.0,0.0,7.0
2.1062092574763227,-1.1628141809865176,-0.11784400758260853,-0.3525433552207269,0.568523863639541,-0.6431242058733306,0.5273475655122102,-0.9774969532899284,0.9375281121286936,-0.11051171909501704,-0.3384305115390218,0.0013495070754676749,-0.01617091120472624,0.030012534599537576,-0.014655882537994304,-0.1538875257164567,-0.3837100356401253,0.2247844015744652,-0.257004714518442,-0.03546241173515187,-0.9546809704987688,0.3325022600897489,-0.15590523654045652,2.5234064706451957,-0.4012751290630676,-0.6611996081803612,-0.8016632326338193,-0.13412642002185682,1.076400380801248,1.1764152063350024,-0.3418712004227739,1.6788011902527868,1.8621167230844409,-0.404505047239943,0.2467117235587207,0.13643475430872615,-0.00202724939637508,1.0,0.0,0.0,0.0,0.0,0.0,0.0,0.0,0.0,0.0,0.0,0.0,0.0,0.0,0.0,0.0,0.0,0.0,0.0,0.0,0.0,0.0,0.0,0.0,1.0,0.0,0.0,0.0,0.0,0.0,0.0,0.0,0.0,0.0,0.0,0.0,0.0,0.0,0.0,0.0,0.0,0.0,0.0,0.0,0.0,0.0,0.0,0.0,0.0,0.0,0.0,0.0,0.0,0.0,0.0,0.0,0.0,0.0,0.0,0.0,0.0,0.0,0.0,0.0,0.0,0.0,0.0,0.0,0.0,0.0,0.0,0.0,0.0,0.0,0.0,0.0,0.0,0.0,1.0,0.0,0.0,0.0,0.0,0.0,7.0
-1.112628918559025,2.109491466565867,-0.1144663853275933,0.5101086231957053,1.3946307815786672,-1.1727922949735163,0.26460096020961843,-0.6015556295380927,0.9586038619213212,-0.13913185528174052,-0.2123396209331116,0.0015764882695872243,-0.09559805791645996,0.0658744725254203,0.11769342446626788,-0.09423649316707833,-0.35181816221544593,0.2588107327348889,0.035964885982582316,-0.06853134986329125,-0.4635113451165849,0.3281885166583416,0.01483722137205593,0.8207936698794986,-0.09356618912529728,0.5182916703576045,-1.0996876925976484,0.07473819400458429,-0.2460644134529621,0.16600256283937753,0.04017247619027607,-0.5082559139555762,0.1060580134329829,-0.10544753635341614,-0.02246680749692713,0.005628239315499889,0.005479131882595285,1.0,0.0,0.0,0.0,0.0,0.0,0.0,0.0,0.0,0.0,0.0,0.0,0.0,0.0,0.0,0.0,0.0,0.0,0.0,0.0,0.0,0.0,0.0,0.0,1.0,0.0,0.0,0.0,0.0,0.0,0.0,0.0,0.0,0.0,0.0,0.0,0.0,0.0,0.0,0.0,0.0,0.0,0.0,0.0,0.0,0.0,0.0,0.0,0.0,0.0,0.0,0.0,0.0,0.0,0.0,0.0,0.0,0.0,0.0,0.0,0.0,0.0,0.0,0.0,0.0,0.0,0.0,0.0,0.0,0.0,0.0,0.0,0.0,0.0,0.0,0.0,0.0,1.0,0.0,0.0,0.0,0.0,0.0,0.0,7.0
2.31639219264369,-1.4110154234967969,-0.12049781995719452,-0.4086020100813456,0.6308142536855511,-0.4522320216816169,0.5443246190127162,-1.047945722774635,0.9556736777392374,-0.11567276423731247,-0.2809008583675151,0.0021722356101439595,-0.015500494081120203,0.030350078812649738,-0.01978777694284868,-0.16075325392488216,-0.3777002664887616,0.21702505990645712,-0.2529655446489281,-0.04442754123544137,-1.0892156412380125,0.2773115697530576,-0.11755414463556615,2.5386474966388586,-0.4003124990787199,-0.6782630745518231,-0.935029562372458,-0.11768435924159,0.9703504599997343,1.1440425019270937,-0.3422728700761137,1.5093464496597104,1.6030633605307434,-0.3557993550569041,0.2119569495403447,0.11480653257148808,-0.0009406987811081578,1.0,0.0,0.0,0.0,0.0,0.0,0.0,0.0,0.0,0.0,0.0,0.0,0.0,0.0,0.0,0.0,0.0,0.0,0.0,0.0,0.0,0.0,0.0,0.0,1.0,0.0,0.0,0.0,0.0,0.0,0.0,0.0,0.0,0.0,0.0,0.0,0.0,0.0,0.0,0.0,0.0,0.0,0.0,0.0,0.0,0.0,0.0,0.0,0.0,0.0,0.0,0.0,0.0,0.0,0.0,0.0,0.0,0.0,0.0,0.0,0.0,0.0,0.0,0.0,0.0,0.0,0.0,0.0,0.0,0.0,0.0,0.0,0.0,0.0,0.0,0.0,0.0,0.0,1.0,0.0,0.0,0.0,0.0,0.0,7.0
-1.2645750950620205,1.0577982384017042,-0.09902736974854752,0.4644357245954411,1.343063975336556,-0.8298247451618108,0.06463308977498912,-0.2871643668361293,0.8612205124886957,-0.1208471112770106,-0.03371774197214275,-0.043717219312130816,-0.12408224718418287,0.061793482473810425,0.13193569789396895,-0.06744768324290543,-0.3578737708115513,0.2182480529433448,0.09823087196373136,-0.08749169802674349,-0.43270934609909895,0.4393032809156965,-0.06642449737670167,0.5721029595766612,-0.05432975637106215,0.41832593790085576,-0.9828552170634272,0.11744719157618384,-0.9991876559432222,-0.21457154917345025,0.15337979440634528,-1.407185141858854,0.24354630212270986,-0.24111380226248666,-0.02305183847136692,0.01707833318683086,0.005685881933674899,1.0,0.0,0.0,0.0,0.0,0.0,0.0,0.0,0.0,0.0,0.0,0.0,0.0,0.0,0.0,0.0,0.0,0.0,0.0,0.0,0.0,0.0,0.0,0.0,1.0,0.0,0.0,0.0,0.0,0.0,0.0,0.0,0.0,0.0,0.0,0.0,0.0,0.0,0.0,0.0,0.0,0.0,0.0,0.0,0.0,0.0,0.0,0.0,0.0,0.0,0.0,0.0,0.0,0.0,0.0,0.0,0.0,0.0,0.0,0.0,0.0,0.0,0.0,0.0,0.0,0.0,0.0,0.0,0.0,0.0,0.0,0.0,0.0,0.0,0.0,0.0,0.0,1.0,0.0,0.0,0.0,0.0,0.0,0.0,7.0
-1.2664918572714976,0.8211653999223222,-0.08650686143954893,0.4721119546714708,1.204857911997523,-0.9575766588061222,0.008629864143534033,-0.16051414547008902,0.8217164313024514,-0.112524395154714,-0.0473041095440884,-0.04095161078393613,-0.10486812577655526,0.04988227912916614,0.13424070094895238,-0.09356107862004616,-0.3965834517276606,0.2194287794563249,0.09338676369942828,-0.0842480972722114,-0.3701358078565339,0.4917394979352709,-0.10454454071355096,0.6020147922925239,-0.05877564837010265,0.396462582209574,-0.9255413793136776,0.11548311799471192,-1.0748377365891606,-0.2420810424924248,0.15933511284472204,-1.471897894378977,0.3175739494416493,-0.2694242961691656,-0.014984399060972022,0.022661712643688096,0.0055038347700490965,1.0,0.0,0.0,0.0,0.0,0.0,0.0,0.0,0.0,0.0,0.0,0.0,0.0,0.0,0.0,0.0,0.0,0.0,0.0,0.0,0.0,0.0,0.0,0.0,1.0,0.0,0.0,0.0,0.0,0.0,0.0,0.0,0.0,0.0,0.0,0.0,0.0,0.0,0.0,0.0,0.0,0.0,0.0,0.0,0.0,0.0,0.0,0.0,0.0,0.0,0.0,0.0,0.0,0.0,0.0,0.0,0.0,0.0,0.0,0.0,0.0,0.0,0.0,0.0,0.0,0.0,0.0,0.0,0.0,0.0,0.0,0.0,0.0,0.0,0.0,0.0,0.0,1.0,0.0,0.0,0.0,0.0,0.0,0.0,7.0
0.4896811452846583,0.7125693333645691,-0.1578785628476835,-0.0561103205042805,0.915396944603238,-0.7793293761739255,0.5235115697891586,-0.8921638142791856,0.7685212811477904,-0.10235873696584333,-0.42914029437200985,0.026471984571815373,-0.033996383407446366,0.03948013028786492,0.011987123078715273,-0.11985427542854965,-0.2764353806577669,0.2162632891282561,-0.15055921345058024,-0.009243510447303994,-0.2604242162889147,0.573322750269696,-0.3340943419882021,1.853996423524825,-0.3149633621895439,-0.6236567414952362,-0.3107704868649229,-0.08655980298044458,0.3551429541782584,0.6866612708760692,-0.21110822969815346,0.6968452673621289,1.0795256767062371,-0.2676216121419135,0.1247797281551746,0.07833353995916989,0.0007035138881396776,1.0,0.0,0.0,0.0,0.0,0.0,0.0,0.0,0.0,0.0,0.0,0.0,0.0,0.0,0.0,0.0,0.0,0.0,0.0,0.0,0.0,0.0,0.0,0.0,1.0,0.0,0.0,0.0,0.0,0.0,0.0,0.0,0.0,0.0,0.0,0.0,0.0,0.0,0.0,0.0,0.0,0.0,0.0,0.0,0.0,0.0,0.0,0.0,0.0,0.0,0.0,0.0,0.0,0.0,0.0,0.0,0.0,0.0,0.0,0.0,0.0,0.0,0.0,0.0,0.0,0.0,0.0,0.0,0.0,0.0,0.0,0.0,0.0,0.0,0.0,0.0,0.0,0.0,1.0,0.0,0.0,0.0,0.0,0.0,7.0
-1.2964250943730928,1.1908014069920658,-0.10091973544235096,0.4872670556840343,1.3055458614639852,-0.93028876425649,0.0786348534336589,-0.2746168721423207,0.8070676914559376,-0.11936316438601853,-0.06482724388896463,-0.03083565342452312,-0.10777037924221017,0.05546742045138457,0.13165337405512176,-0.08189450096941378,-0.3527679479382255,0.21929409929347016,0.07858097975266466,-0.07559266614462629,-0.3533609758138417,0.4421008094218717,-0.0523875804034345,0.5977721537626337,-0.061079766482259386,0.4076623183868915,-0.9827764684976013,0.12060784282980268,-1.0466610015528337,-0.23756364588768625,0.15383569307728664,-1.4673672537528857,0.18766336523159394,-0.2311048921846587,-0.03219881259999146,0.01252242633684832,0.005933358986497618,1.0,0.0,0.0,0.0,0.0,0.0,0.0,0.0,0.0,0.0,0.0,0.0,0.0,0.0,0.0,0.0,0.0,0.0,0.0,0.0,0.0,0.0,0.0,0.0,1.0,0.0,0.0,0.0,0.0,0.0,0.0,0.0,0.0,0.0,0.0,0.0,0.0,0.0,0.0,0.0,0.0,0.0,0.0,0.0,0.0,0.0,0.0,0.0,0.0,0.0,0.0,0.0,0.0,0.0,0.0,0.0,0.0,0.0,0.0,0.0,0.0,0.0,0.0,0.0,0.0,0.0,0.0,0.0,0.0,0.0,0.0,0.0,0.0,0.0,0.0,0.0,0.0,1.0,0.0,0.0,0.0,0.0,0.0,0.0,7.0
2.2381313761073844,-1.3099089808488649,-0.11955786866465702,-0.3871180468250344,0.6075366501027442,-0.5269965722705953,0.5392151835292058,-1.0235372406549352,0.9500363461775084,-0.11385135747917115,-0.3038952095008652,0.002102855506848163,-0.015657250717279768,0.03030016965918212,-0.017958446474781776,-0.15826977253897412,-0.38006418800688335,0.2202838624348349,-0.2548046782157535,-0.04096965155838506,-1.0388771684083171,0.2975236679757687,-0.13176791855785652,2.534696223090436,-0.400933546402252,-0.6710255077671449,-0.8854452112596803,-0.12421688051544655,1.0159617005099877,1.1591449265517817,-0.3429901902674443,1.5799171612071004,1.699157252548846,-0.3730122976993444,0.22500106229574168,0.1228301768969496,-0.00135010553820211,1.0,0.0,0.0,0.0,0.0,0.0,0.0,0.0,0.0,0.0,0.0,0.0,0.0,0.0,0.0,0.0,0.0,0.0,0.0,0.0,0.0,0.0,0.0,0.0,1.0,0.0,0.0,0.0,0.0,0.0,0.0,0.0,0.0,0.0,0.0,0.0,0.0,0.0,0.0,0.0,0.0,0.0,0.0,0.0,0.0,0.0,0.0,0.0,0.0,0.0,0.0,0.0,0.0,0.0,0.0,0.0,0.0,0.0,0.0,0.0,0.0,0.0,0.0,0.0,0.0,0.0,0.0,0.0,0.0,0.0,0.0,0.0,0.0,0.0,0.0,0.0,0.0,0.0,1.0,0.0,0.0,0.0,0.0,0.0,7.0
2.265728815816858,-1.364913401248792,-0.12069679784972573,-0.3979412149496159,0.6268925870060152,-0.4746268372545261,0.5403912551031342,-1.034212068470089,0.9486548036275704,-0.1147389186453008,-0.2888660756763414,0.0019048978903315453,-0.015904228576377657,0.030229409332851256,-0.018359676059191855,-0.15895828383016156,-0.37693700658346746,0.2176845262637448,-0.25245847671839977,-0.04295770233934639,-1.0628840722038628,0.28750314059116244,-0.1233749450592412,2.526426576257513,-0.39930589664285415,-0.6750797658144152,-0.9053930886315881,-0.1205513096590536,0.9860837005645948,1.145635759968478,-0.3398390660919514,1.5373003162571184,1.6700579300900065,-0.3700924054079983,0.2206586101020664,0.12042703954260232,-0.0012102645132088653,1.0,0.0,0.0,0.0,0.0,0.0,0.0,0.0,0.0,0.0,0.0,0.0,0.0,0.0,0.0,0.0,0.0,0.0,0.0,0.0,0.0,0.0,0.0,0.0,1.0,0.0,0.0,0.0,0.0,0.0,0.0,0.0,0.0,0.0,0.0,0.0,0.0,0.0,0.0,0.0,0.0,0.0,0.0,0.0,0.0,0.0,0.0,0.0,0.0,0.0,0.0,0.0,0.0,0.0,0.0,0.0,0.0,0.0,0.0,0.0,0.0,0.0,0.0,0.0,0.0,0.0,0.0,0.0,0.0,0.0,0.0,0.0,0.0,0.0,0.0,0.0,0.0,0.0,1.0,0.0,0.0,0.0,0.0,0.0,7.0
-1.2749089150285722,0.7790645201791528,-0.08442337390337748,0.4741576012076586,1.1828011327540489,-0.9749794143935454,-0.003599481424283825,-0.134874673549798,0.8175535693424487,-0.1107834371779727,-0.0469880012154583,-0.04443828546583259,-0.10777666706616024,0.050395073852021896,0.13485927308326665,-0.08916140405075826,-0.3969654002001404,0.21850760073150555,0.09249626696324456,-0.08326951114487911,-0.3555324015027163,0.5017043116587728,-0.10897246903390903,0.6014312876948721,-0.058829354933701526,0.3944182946608644,-0.9085485376221952,0.11465694049572693,-1.0791221625571783,-0.2442033843873302,0.15976184221269904,-1.4722133610689037,0.31795009433241794,-0.2694297692293792,-0.014695987683002313,0.022650106776810282,0.005491187080236743,1.0,0.0,0.0,0.0,0.0,0.0,0.0,0.0,0.0,0.0,0.0,0.0,0.0,0.0,0.0,0.0,0.0,0.0,0.0,0.0,0.0,0.0,0.0,0.0,1.0,0.0,0.0,0.0,0.0,0.0,0.0,0.0,0.0,0.0,0.0,0.0,0.0,0.0,0.0,0.0,0.0,0.0,0.0,0.0,0.0,0.0,0.0,0.0,0.0,0.0,0.0,0.0,0.0,0.0,0.0,0.0,0.0,0.0,0.0,0.0,0.0,0.0,0.0,0.0,0.0,0.0,0.0,0.0,0.0,0.0,0.0,0.0,0.0,0.0,0.0,0.0,0.0,1.0,0.0,0.0,0.0,0.0,0.0,0.0,7.0
-1.2580786282403338,1.0790529402818454,-0.10093434346021986,0.4616335218232039,1.3635452260441028,-0.8068216078253394,0.0754693494087625,-0.30846641434279576,0.8472244628343605,-0.12250925192685973,-0.038659222523139115,-0.02920400204814409,-0.10377796158984122,0.05364956238658205,0.13169978963536907,-0.0965839951633355,-0.3720654405878915,0.22057248359899248,0.1007094182810401,-0.08889185564696503,-0.4478464317460186,0.4308768659907606,-0.060112417695690284,0.5673730798380142,-0.05355728465396768,0.4210802787856005,-0.9915226456391408,0.11740350234583947,-0.9825486911808834,-0.20779996728040287,0.15213083248017958,-1.3890596739320118,0.24103621029904002,-0.2383004350157145,-0.02295831139949461,0.01689526757869358,0.005676656200175343,1.0,0.0,0.0,0.0,0.0,0.0,0.0,0.0,0.0,0.0,0.0,0.0,0.0,0.0,0.0,0.0,0.0,0.0,0.0,0.0,0.0,0.0,0.0,0.0,1.0,0.0,0.0,0.0,0.0,0.0,0.0,0.0,0.0,0.0,0.0,0.0,0.0,0.0,0.0,0.0,0.0,0.0,0.0,0.0,0.0,0.0,0.0,0.0,0.0,0.0,0.0,0.0,0.0,0.0,0.0,0.0,0.0,0.0,0.0,0.0,0.0,0.0,0.0,0.0,0.0,0.0,0.0,0.0,0.0,0.0,0.0,0.0,0.0,0.0,0.0,0.0,0.0,1.0,0.0,0.0,0.0,0.0,0.0,0.0,7.0
-1.076852788779669,1.1395036244953916,-0.0037814089944468686,0.4759027826113974,0.9483924676895956,-1.0658276244380804,-0.2529601593852148,0.06328877202159065,1.3391884786489696,-0.1021576037061591,-0.059485123703082426,-0.07149621033112415,-0.1187249193634144,0.05688695618769836,0.1339979817254586,-0.17383011227684128,-0.7278231404944616,0.2856221614819453,0.2694243350544765,-0.15312976560015826,-0.6333781681712425,0.5691719557529308,-0.1720474633208582,0.43808977698166995,-0.016443960392839192,0.3862138465733317,-0.9139757224647168,0.10941903560460403,-0.8879856319546727,-0.1379264345505339,0.12752941602471193,-1.2102365357771303,0.4165891910644031,-0.2688086577000876,0.0031801855024677,0.029197838074940308,0.004722867617238379,1.0,0.0,0.0,0.0,0.0,0.0,0.0,0.0,0.0,0.0,0.0,0.0,0.0,0.0,0.0,0.0,0.0,0.0,0.0,0.0,0.0,0.0,0.0,0.0,1.0,0.0,0.0,0.0,0.0,0.0,0.0,0.0,0.0,0.0,0.0,0.0,0.0,0.0,0.0,0.0,0.0,0.0,0.0,0.0,0.0,0.0,0.0,0.0,0.0,0.0,0.0,0.0,0.0,0.0,0.0,0.0,0.0,0.0,0.0,0.0,0.0,0.0,0.0,0.0,0.0,0.0,0.0,0.0,0.0,0.0,0.0,0.0,0.0,0.0,0.0,0.0,0.0,1.0,0.0,0.0,0.0,0.0,0.0,0.0,7.0
-0.60432786372989,0.4686339495258476,0.011444439977155205,0.38964540465148256,0.7787316012761241,-1.1266817056374383,-0.2652327308304298,0.0886365211859691,1.3657595359825319,-0.1025004667543961,-0.05694618805570504,-0.07580441295698909,-0.09716616737157736,0.04536204802349944,0.13002109268934506,-0.2020554062315879,-0.7829392805990478,0.2937965775341306,0.2224132681842776,-0.15929898465340614,-0.8388430672447496,0.5201401661872289,-0.1280187079545708,0.7277023243795201,-0.05514759215374481,0.3897983909456704,-0.9823719292456372,0.07214167615975678,-0.4895761038550903,0.091527171977516,0.08162226811546365,-0.6701949038913873,0.9706158977293656,-0.3727000768286821,0.08449692326604727,0.07329092252188645,0.002686947132936585,1.0,0.0,0.0,0.0,0.0,0.0,0.0,0.0,0.0,0.0,0.0,0.0,0.0,0.0,0.0,0.0,0.0,0.0,0.0,0.0,0.0,0.0,0.0,0.0,1.0,0.0,0.0,0.0,0.0,0.0,0.0,0.0,0.0,0.0,0.0,0.0,0.0,0.0,0.0,0.0,0.0,0.0,0.0,0.0,0.0,0.0,0.0,0.0,0.0,0.0,0.0,0.0,0.0,0.0,0.0,0.0,0.0,0.0,0.0,0.0,0.0,0.0,0.0,0.0,0.0,0.0,0.0,0.0,0.0,0.0,0.0,0.0,0.0,0.0,0.0,0.0,0.0,1.0,0.0,0.0,0.0,0.0,0.0,0.0,7.0
-1.0958000969101973,1.1718087988418189,-0.00504415035217516,0.4785278882642814,0.9619230235319488,-1.0564903196725552,-0.2499317217125073,0.05673484155433444,1.3381234699265394,-0.1025669082213534,-0.0586552898693656,-0.07060507293168104,-0.11895948574544532,0.057206341494841474,0.13412997752426045,-0.1736459144240318,-0.7249846689143198,0.28525557634703586,0.2716464323601974,-0.15317708161589538,-0.6292494930112453,0.5691507553069528,-0.17238864669484952,0.4264403298746224,-0.014791184607634143,0.38691103298948776,-0.9136296041311364,0.1110599341657791,-0.9027169178545634,-0.14687765064508776,0.12949453151996562,-1.2328915003378893,0.3877329556894607,-0.2629983337917484,-0.0009279033815294913,0.026936731306588392,0.0048295726678378795,1.0,0.0,0.0,0.0,0.0,0.0,0.0,0.0,0.0,0.0,0.0,0.0,0.0,0.0,0.0,0.0,0.0,0.0,0.0,0.0,0.0,0.0,0.0,0.0,1.0,0.0,0.0,0.0,0.0,0.0,0.0,0.0,0.0,0.0,0.0,0.0,0.0,0.0,0.0,0.0,0.0,0.0,0.0,0.0,0.0,0.0,0.0,0.0,0.0,0.0,0.0,0.0,0.0,0.0,0.0,0.0,0.0,0.0,0.0,0.0,0.0,0.0,0.0,0.0,0.0,0.0,0.0,0.0,0.0,0.0,0.0,0.0,0.0,0.0,0.0,0.0,0.0,1.0,0.0,0.0,0.0,0.0,0.0,0.0,7.0
-1.1881803440167336,1.9350051873922187,-0.018935739172488857,0.5267736665103433,1.0487501787046107,-1.2870193420074068,-0.12983602692716298,-0.13663237062020112,1.4204926037775696,-0.11513889116899155,-0.15768057055776458,-0.04973302705844693,-0.1123371642650691,0.06440751914203319,0.12931778777413905,-0.17976478202791912,-0.7166962657216168,0.31028953219113004,0.2556463959437157,-0.14779470253260432,-0.6356558633045992,0.5499822876650912,-0.18420949116724394,0.5694699231493843,-0.0330478803160686,0.4580982302775661,-0.9395737136048988,0.09104949215753964,-0.5876079956234224,0.011965940170550443,0.08960599237787402,-0.8948773928281314,0.03580040944909752,-0.12907618873646928,-0.03644012045521832,-0.0007584874436600352,0.005842498673157779,1.0,0.0,0.0,0.0,0.0,0.0,0.0,0.0,0.0,0.0,0.0,0.0,0.0,0.0,0.0,0.0,0.0,0.0,0.0,0.0,0.0,0.0,0.0,0.0,1.0,0.0,0.0,0.0,0.0,0.0,0.0,0.0,0.0,0.0,0.0,0.0,0.0,0.0,0.0,0.0,0.0,0.0,0.0,0.0,0.0,0.0,0.0,0.0,0.0,0.0,0.0,0.0,0.0,0.0,0.0,0.0,0.0,0.0,0.0,0.0,0.0,0.0,0.0,0.0,0.0,0.0,0.0,0.0,0.0,0.0,0.0,0.0,0.0,0.0,0.0,0.0,0.0,1.0,0.0,0.0,0.0,0.0,0.0,0.0,7.0
-1.2353888470246424,1.9874361473716773,-0.10429683159474967,0.5374884492841935,1.2765984528572798,-1.3205068261069728,0.20221295516562093,-0.4612080675096616,0.9357262533156538,-0.12966482826186812,-0.2152045475657305,-0.015249784307682082,-0.10868121904226846,0.06759534626336153,0.12174492202289695,-0.0748939999061598,-0.3590905552415476,0.2552090136419073,0.03795981422784668,-0.06372131379303013,-0.35237569634409355,0.4055360124986224,-0.05025252943836296,0.8198463808841208,-0.0929686330085863,0.4922417176490511,-1.020757438849122,0.08151799580111183,-0.4585366150508775,0.07360293963695842,0.07142794338329571,-0.7597662610223773,0.04463098073811698,-0.11587003009860378,-0.03499541578322244,0.000740337945110273,0.0059434175031837675,1.0,0.0,0.0,0.0,0.0,0.0,0.0,0.0,0.0,0.0,0.0,0.0,0.0,0.0,0.0,0.0,0.0,0.0,0.0,0.0,0.0,0.0,0.0,0.0,1.0,0.0,0.0,0.0,0.0,0.0,0.0,0.0,0.0,0.0,0.0,0.0,0.0,0.0,0.0,0.0,0.0,0.0,0.0,0.0,0.0,0.0,0.0,0.0,0.0,0.0,0.0,0.0,0.0,0.0,0.0,0.0,0.0,0.0,0.0,0.0,0.0,0.0,0.0,0.0,0.0,0.0,0.0,0.0,0.0,0.0,0.0,0.0,0.0,0.0,0.0,0.0,0.0,1.0,0.0,0.0,0.0,0.0,0.0,0.0,7.0
-1.113937207324509,1.7588982298525595,-0.1182966051541421,0.4706437711657102,1.4808076757854796,-0.8845029086084559,0.2266530223830836,-0.5708839910101616,0.9125994180893992,-0.13871093467634818,-0.1212393767219007,-0.004244460237357825,-0.09701926407369643,0.06202276097887719,0.12172140478721225,-0.09760541578209067,-0.3402109815805862,0.2403653961711215,0.061271258409410966,-0.07907854669904905,-0.5244390226277482,0.31684818187085184,0.03548353671248117,0.7015038810003362,-0.07542507260930974,0.4851231062964235,-1.1178305848184464,0.09540175682970126,-0.5070749660735456,0.02585268444535457,0.0877100874722847,-0.8094504841562623,0.15300116661576904,-0.14874967035411638,-0.021048482426906337,0.009370440876864205,0.00555086553451855,1.0,0.0,0.0,0.0,0.0,0.0,0.0,0.0,0.0,0.0,0.0,0.0,0.0,0.0,0.0,0.0,0.0,0.0,0.0,0.0,0.0,0.0,0.0,0.0,1.0,0.0,0.0,0.0,0.0,0.0,0.0,0.0,0.0,0.0,0.0,0.0,0.0,0.0,0.0,0.0,0.0,0.0,0.0,0.0,0.0,0.0,0.0,0.0,0.0,0.0,0.0,0.0,0.0,0.0,0.0,0.0,0.0,0.0,0.0,0.0,0.0,0.0,0.0,0.0,0.0,0.0,0.0,0.0,0.0,0.0,0.0,0.0,0.0,0.0,0.0,0.0,0.0,1.0,0.0,0.0,0.0,0.0,0.0,0.0,7.0
1.71607924216388,-1.19479984600567,-0.09698262519608357,-0.2583120574073966,0.32763313219391244,-0.8980711413926753,0.3748210876884328,-0.6299833338118274,0.8154351303268853,-0.0862302425442567,-0.3779795106009497,-0.017400302654405918,-0.02427657676011845,0.023819046373080133,-0.0007738583718903,-0.13367120918294573,-0.40281568119208944,0.2182826483148908,-0.2518255664804749,-0.015186721081694622,-0.6037934643344837,0.4769843526332382,-0.22221151335597933,2.3421730933796705,-0.3846459381609516,-0.7088253010413352,-0.5225573116044923,-0.1352627655511725,0.8486197763999147,1.0285389187307041,-0.28558300427515004,1.5705718844784615,2.4200814165714437,-0.5550285686819489,0.3146722420015556,0.18093860986254068,-0.004055251459774949,1.0,0.0,0.0,0.0,0.0,0.0,0.0,0.0,0.0,0.0,0.0,0.0,0.0,0.0,0.0,0.0,0.0,0.0,0.0,0.0,0.0,0.0,0.0,0.0,1.0,0.0,0.0,0.0,0.0,0.0,0.0,0.0,0.0,0.0,0.0,0.0,0.0,0.0,0.0,0.0,0.0,0.0,0.0,0.0,0.0,0.0,0.0,0.0,0.0,0.0,0.0,0.0,0.0,0.0,0.0,0.0,0.0,0.0,0.0,0.0,0.0,0.0,0.0,0.0,0.0,0.0,0.0,0.0,0.0,0.0,0.0,0.0,0.0,0.0,0.0,0.0,0.0,0.0,1.0,0.0,0.0,0.0,0.0,0.0,7.0
-0.5688019664324819,1.9916416802661123,-0.1962693958686649,0.11579659833585396,1.2995566372902811,-0.6421184719136607,0.5551085244054921,-0.9378864789748168,0.6622630915252964,-0.10402695648714208,-0.4241292715904434,0.04810475544068175,-0.0486138456091657,0.048330705747023917,0.026755890552723555,-0.10014281475932107,-0.18115892243428766,0.19973424696375766,-0.05386564390537067,-0.0016529433751974393,0.1276495168185971,0.6965115034147694,-0.4499554139815893,1.3289344156309415,-0.2430833963469644,-0.6306387826348806,-0.12556697959362878,-0.01717158611032448,-0.5141848116026665,0.17991340621442448,-0.08703834182845083,-0.5085891514091261,0.18730380714573172,-0.136562521084622,-0.015449521483099755,0.00969716699865308,0.004301000593978491,1.0,0.0,0.0,0.0,0.0,0.0,0.0,0.0,0.0,0.0,0.0,0.0,0.0,0.0,0.0,0.0,0.0,0.0,0.0,0.0,0.0,0.0,0.0,0.0,1.0,0.0,0.0,0.0,0.0,0.0,0.0,0.0,0.0,0.0,0.0,0.0,0.0,0.0,0.0,0.0,0.0,0.0,0.0,0.0,0.0,0.0,0.0,0.0,0.0,0.0,0.0,0.0,0.0,0.0,0.0,0.0,0.0,0.0,0.0,0.0,0.0,0.0,0.0,0.0,0.0,0.0,0.0,0.0,0.0,0.0,0.0,0.0,0.0,0.0,0.0,0.0,0.0,0.0,1.0,0.0,0.0,0.0,0.0,0.0,7.0
